2021072100 24.1000 127.9000 95500.42
2021072106 24.0530 127.6400 97300.26
2021072112 23.9532 126.7665 96914.62
2021072118 23.8411 126.4140 96304.61
2021072200 23.8913 126.1544 95794.70
2021072206 23.8209 125.8997 95481.65
2021072212 23.9167 125.2974 95384.21
2021072218 24.1304 125.2932 94900.96
2021072300 24.6561 125.0088 94341.24
2021072306 24.7882 124.7777 93934.25
2021072312 25.3243 124.6263 94100.84
2021072318 26.0625 124.3322 94270.12
2021072400 26.8482 123.9364 94596.02
2021072406 27.8510 123.6148 94724.98
2021072412 28.7925 122.9304 95132.62
2021072418 29.7412 122.1721 95641.97
2021072500 30.3779 121.6171 96210.12
2021072506 30.6818 121.1628 96739.29
2021072512 30.9026 121.0012 97256.93
2021072518 31.1048 120.9348 97560.68
2021072600 31.2441 120.9488 97805.65
