2021072100 24.1 127.9 95500.42
2021072106 24.1330 127.2928 97427.02
2021072112 23.7905 126.8369 97031.45
2021072118 23.7040 126.3143 96233.02
2021072200 23.8324 126.2799 95480.49
2021072206 23.8710 125.7219 95074.81
2021072212 23.8660 125.3117 94942.44
2021072218 23.9466 125.0143 94563.96
2021072300 24.1140 124.8295 93784.65
2021072306 24.4474 124.4586 93403.40
2021072312 24.7406 124.2360 93887.34
2021072318 25.2875 123.9388 94313.42
2021072400 25.9606 123.6022 94545.34
2021072406 26.5418 123.1476 94961.90
2021072412 27.2820 122.4965 95474.05
2021072418 27.7974 121.7616 95987.04
2021072500 28.0541 121.1008 96644.38
2021072506 28.1490 120.6336 97129.51
2021072512 28.2413 120.1654 97757.15
2021072518 28.1110 119.6237 97996.04
2021072600 27.6621 118.8984 98214.30
