2021091006 17.8562 123.0814 98094.76
2021091012 18.5349 122.8306 97806.30
2021091018 19.5471 122.1659 97638.33
2021091100 20.0291 121.7695 97424.60
2021091106 20.7137 121.6106 96687.50
2021091112 21.1302 121.9358 96746.93
2021091118 21.7950 122.1825 96477.13
2021091200 22.6581 122.7652 96317.13
2021091206 23.9029 123.0709 96102.19
2021091212 24.9698 123.6427 96159.28
2021091218 26.6623 124.2443 96147.33
2021091300 28.5643 124.4964 95892.69
2021091306 29.9214 123.9973 95495.02
2021091312 30.6996 124.0576 95903.31
2021091318 31.3946 123.9940 96143.66
2021091400 32.1908 124.2051 96479.41
2021091406 32.5848 123.8958 96530.89
2021091412 32.4894 123.7374 96719.10
2021091418 32.8183 123.8599 96971.37
2021091500 33.1939 123.8165 97108.49
