2021091000 6 171 1240  915      62
2021091006 6 178 1234  910      68
2021091012 6 187 1228  905      68
2021091018 6 195 1223  905      68
2021091100 6 203 1218  930      62
2021091106 6 210 1216  930      58
2021091112 6 219 1218  935      52
2021091118 6 228 1220  935      52
2021091200 6 238 1223  935      52
2021091206 5 252 1223  935      50
2021091212 5 263 1227  940      48
2021091218 5 276 1231  945      48
2021091300 5 291 1236  950      45
2021091306 5 307 1234  955      42
2021091312 5 310 1234  955      42
2021091318 4 315 1236  965      38
2021091400 3 313 1239  970      30
2021091406 3 310 1243  970      28
2021091412 3 307 1247  980      25
2021091418 3 303 1252  982      25
2021091500 3 303 1257  990      25
