2021072100 5 241 1279  955      42
2021072106 5 242 1272  955      42
2021072112 5 240 1266  955      42
2021072118 5 237 1262  955      42
2021072200 5 234 1260  955      42
2021072206 5 235 1259  955      42
2021072212 5 236 1258  955      42
2021072218 5 237 1255  955      42
2021072300 4 242 1254  965      38
2021072306 4 246 1251  965      38
2021072312 4 248 1250  965      38
2021072318 4 255 1249  965      38
2021072400 4 264 1246  965      38
2021072406 4 272 1243  965      38
2021072409 4 275 1242  965      38
2021072412 4 279 1241  965      38
2021072415 4 283 1239  965      38
2021072418 4 286 1237  968      35
2021072421 4 292 1234  968      35
2021072500 4 297 1230  968      35
2021072503 4 299 1227  968      35
2021072506 4 300 1222  970      33
2021072509 3 300 1221  972      30
2021072512 3 301 1219  972      30
2021072515 3 302 1217  972      30
2021072518 3 304 1215  975      28
2021072521 3 305 1214  975      28
2021072600 3 306 1212  978      25
